{
  "nbformat": 4,
  "nbformat_minor": 0,
  "metadata": {
    "colab": {
      "provenance": [],
      "authorship_tag": "ABX9TyPDnriY+EPd0gX8ilCBUpyi",
      "include_colab_link": true
    },
    "kernelspec": {
      "name": "python3",
      "display_name": "Python 3"
    },
    "language_info": {
      "name": "python"
    }
  },
  "cells": [
    {
      "cell_type": "markdown",
      "metadata": {
        "id": "view-in-github",
        "colab_type": "text"
      },
      "source": [
        "<a href=\"https://colab.research.google.com/github/namoshi/colab/blob/master/othogonal_projection.ipynb\" target=\"_parent\"><img src=\"https://colab.research.google.com/assets/colab-badge.svg\" alt=\"Open In Colab\"/></a>"
      ]
    },
    {
      "cell_type": "markdown",
      "source": [
        "# 直交射影と直交補空間への射影\n",
        "\n",
        "\\begin{align*}\n",
        " P = X(X^TX)^{-1}X^T\n",
        "\\end{align*}\n",
        "\n",
        "\\begin{align*}\n",
        " I-P = I - X(X^T X)^{-1} X^T\n",
        "\\end{align*}\n",
        "\n",
        "特異値分解との関係\n",
        "\n",
        "\n"
      ],
      "metadata": {
        "id": "0t52w7kSJeug"
      }
    },
    {
      "cell_type": "code",
      "execution_count": 38,
      "metadata": {
        "colab": {
          "base_uri": "https://localhost:8080/"
        },
        "id": "do9TuRJxJa6H",
        "outputId": "dd76ff1a-69e5-41dc-b0b3-72543a41a2ae"
      },
      "outputs": [
        {
          "output_type": "stream",
          "name": "stdout",
          "text": [
            "[[0.29184476 0.6633715  0.61464842]\n",
            " [0.73233805 0.44264379 0.09865343]\n",
            " [0.34299452 0.74507263 0.1749611 ]\n",
            " [0.95038031 0.35495641 0.6586681 ]\n",
            " [0.69001892 0.4989379  0.68748997]\n",
            " [0.08926747 0.91796071 0.92860923]\n",
            " [0.53836998 0.07294145 0.86643238]]\n",
            "(7, 7) (3,) (3, 3)\n",
            "S\n",
            " [[-0.36251073 -0.27866747 -0.01890284 -0.36260993 -0.40643488 -0.5983737\n",
            "  -0.36857393]\n",
            " [-0.27733209  0.3273312  -0.54139833 -0.4720423  -0.20561773  0.50257497\n",
            "  -0.07172764]\n",
            " [-0.27972039 -0.21308879 -0.5506128   0.2171225   0.05158801 -0.28902641\n",
            "   0.6632009 ]\n",
            " [-0.44661739  0.47603342  0.01087008  0.67346755 -0.23815327 -0.04506434\n",
            "  -0.24799316]\n",
            " [-0.42988883  0.15572992  0.02850334 -0.17832715  0.83610204 -0.159601\n",
            "  -0.18382511]\n",
            " [-0.45447844 -0.66840106  0.17745753  0.17287739  0.0033027   0.52712665\n",
            "  -0.08624491]\n",
            " [-0.35015316  0.26864901  0.60904375 -0.28862124 -0.1845974   0.02156999\n",
            "   0.56253222]]\n",
            "D\n",
            " [2.52324031 0.92296737 0.74119074]\n",
            "V\n",
            " [[-0.53701193 -0.54984941 -0.63975293]\n",
            " [ 0.79107524 -0.59160829 -0.1555622 ]\n",
            " [-0.29294736 -0.58963146  0.75267296]]\n",
            "[[-0.91470168 -0.25720098 -0.01401061]\n",
            " [-0.69977552  0.30211602 -0.40127943]\n",
            " [-0.70580177 -0.196674   -0.40810911]\n",
            " [-1.12692299  0.43936332  0.0080568 ]\n",
            " [-1.08471282  0.14373363  0.02112641]\n",
            " [-1.14675832 -0.61691237  0.13152988]\n",
            " [-0.88352057  0.24795427  0.45141759]]\n",
            "[[0.29184476 0.6633715  0.61464842]\n",
            " [0.73233805 0.44264379 0.09865343]\n",
            " [0.34299452 0.74507263 0.1749611 ]\n",
            " [0.95038031 0.35495641 0.6586681 ]\n",
            " [0.69001892 0.4989379  0.68748997]\n",
            " [0.08926747 0.91796071 0.92860923]\n",
            " [0.53836998 0.07294145 0.86643238]]\n",
            "P\n",
            " [[ 1.00000000e+00 -4.52691956e-16 -2.62726808e-16]\n",
            " [-4.52691956e-16  1.00000000e+00 -3.37833448e-16]\n",
            " [-2.62726808e-16 -3.37833448e-16  1.00000000e+00]]\n",
            "P X[1,:]\n",
            " [0.73233805 0.44264379 0.09865343]\n",
            "(I-P) X[1,:]\n",
            " [-9.89232403e-17  3.64851974e-16  3.52897449e-16]\n"
          ]
        }
      ],
      "source": [
        "import numpy as np\n",
        "\n",
        "X = np.random.rand(7,3)\n",
        "\n",
        "print(X)\n",
        "\n",
        "S, D, Vh = np.linalg.svd(X)\n",
        "\n",
        "print(S.shape, D.shape, Vh.shape)\n",
        "\n",
        "L = len(D)\n",
        "print('S\\n', S)\n",
        "print('D\\n', D)\n",
        "print('V\\n', Vh)\n",
        "SD = np.dot(S[:,:L], np.diag(D))\n",
        "print(SD)\n",
        "print(np.dot(SD, Vh))\n",
        "\n",
        "P = np.dot(Vh.T, Vh)\n",
        "\n",
        "print('P\\n', P)\n",
        "\n",
        "IP = np.eye(len(P)) - P\n",
        "\n",
        "print('P X[1,:]\\n', np.dot(P, X[1,:].T))\n",
        "\n",
        "print('(I-P) X[1,:]\\n', np.dot(IP, X[1,:].T))\n"
      ]
    }
  ]
}